Albania	3704.52	7497.85	25.886	14.509	57.821
Algeria	4572.87	7112.05	41.428	48.947	10.935
Angola	4328.51	5748.94	12.668	21.692	37.628
Antigua and Barbuda	12985.73	17681.39	29.303	16.194	90.621
Argentina	9162.3	16061.65	24.451	22.595	49.178
Armenia	2840.43	5099.94	31.313	16.66	33.342
Australia	56097.79	39545.16	26.794	23.925	20.524
Austria	45306.39	39777.04	21.602	24.611	71.838
Azerbaijan	5847.26	10058.94	18.532	46.955	11.148
The Bahamas	22556.32	29629.83	24.64	14.175	45.458
Bahrain	19420.0	27129.38	30.965	34.544	35.57
Barbados	15348.29	24391.56	14.161	5.919	72.622
Belarus	5824.38	13897.84	42.345	27.355	42.039
Belgium	43592.6	36716.97	20.566	21.971	95.557
Belize	4226.24	8069.44	18.0	15.142	84.569
Benin	740.994	1575.7	17.6	10.303	30.029
Bhutan	1940.4	5520.69	52.255	33.683	54.403
Bolivia	1900.0	4548.81	17.007	24.987	38.543
Bosnia and Herzegovina	4271.86	7832.8	19.388	13.655	39.428
Botswana	8142.8	15183.79	29.481	27.939	17.563
Brazil	11088.73	11314.41	20.239	18.033	65.154
Bulgaria	6374.12	12965.22	22.887	21.844	14.937
Burkina Faso	544.403	1261.22	18.345	16.018	27.115
Burundi	242.21	582.152	19.92	10.111	36.732
Cambodia	752.677	2068.02	17.348	13.431	29.059
Cameroon	1100.09	2176.01	16.12	13.108	12.142
Canada	46282.86	39154.66	22.204	19.074	85.061
Cape Verde	3242.19	3730.33	37.804	25.337	74.958
Central African Republic	429.122	744.723	14.275	4.079	39.8
Chad	836.93	1841.12	42.416	38.905	25.785
Chile	12640.29	16192.75	23.549	25.04	8.648
China	4422.66	7553.38	48.219	52.225	33.538
Colombia	6259.46	9585.3	22.047	18.973	36.358
Comoros	817.608	1204.44	15.405	8.412	49.202
Democratic Republic of the Congo	186.263	328.865	23.519	15.437	35.143
Republic of Congo	3112.87	4426.16	20.473	25.531	23.865
Costa Rica	7938.81	11336.5	20.093	16.556	29.207
Cﾙte d'Ivoire	1042.55	1682.9	8.966	10.067	66.433
Croatia	13449.16	17576.67	22.664	21.612	42.207
Cyprus	27387.29	27526.21	19.66	9.784	61.456
Czech Republic	18813.94	26121.9	25.087	21.242	37.553
Denmark	56369.2	36165.98	17.163	22.683	42.904
Djibouti	1369.52	2537.06	20.755	14.908	56.143
Dominica	6802.19	13890.92	21.194	5.191	68.922
Dominican Republic	5226.77	8859.72	16.476	7.91	28.677
Ecuador	3919.64	7825.58	26.176	23.4	16.108
Egypt	2775.92	6343.95	19.501	17.525	73.172
El Salvador	3617.92	7340.36	13.292	10.191	50.141
Equatorial Guinea	10961.21	18056.8	54.55	34.098	5.029
Eritrea	397.719	683.082	9.299	3.69	144.761
Estonia	14137.65	18539.46	19.528	22.459	6.688
Ethiopia	350.051	1018.75	24.677	20.525	27.649
Finland	44136.03	34455.81	18.507	19.905	48.644
France	40938.85	33945.59	19.264	17.706	82.3
Gabon	8820.17	15197.5	27.309	36.37	25.017
The Gambia	550.187	1892.72	21.424	5.689	67.377
Georgia	2623.38	5064.02	21.888	11.629	39.163
Germany	40512.53	36172.68	17.488	23.524	82.394
Ghana	1358.16	2732.61	23.016	14.629	46.258
Greece	26971.91	27644.83	16.192	6.085	144.55
Grenada	7534.64	13502.45	20.32	-4.843	102.441
Guatemala	2875.47	4907.3	13.895	12.38	24.097
Guinea	477.105	1049.25	10.566	-1.785	79.146
Guinea-Bissau	508.339	1086.95	9.817	1.564	46.743
Guyana	2931.47	7050.04	16.751	6.819	65.33
Haiti	664.743	1163.46	25.433	22.95	17.327
Honduras	1950.21	4286.56	22.956	16.734	26.343
Hong Kong SAR	31786.48	46462.83	23.426	28.951	34.615
Hungary	12845.41	18809.66	18.403	19.625	81.312
Iceland	38891.76	36535.47	12.645	4.14	92.831
India	1369.54	3403.0	34.705	31.502	68.042
Indonesia	2980.84	4352.65	32.574	33.301	26.876
Islamic Republic of Iran	5637.93	12789.13	36.727	42.758	16.721
Ireland	46444.91	40396.59	11.625	12.764	92.175
Israel	29539.33	30101.55	14.727	18.508	75.967
Italy	34154.38	29840.88	20.247	16.696	118.605
Jamaica	4843.21	8663.82	20.368	14.648	142.999
Japan	42863.37	34240.98	19.773	23.491	215.292
Jordan	4326.38	5767.22	23.14	16.026	66.804
Kazakhstan	9008.7	12014.77	26.346	27.973	10.683
Kenya	809.754	1680.77	20.936	14.974	49.851
Korea	20540.18	29717.18	29.527	32.424	33.431
Kuwait	33481.16	38803.21	20.263	52.189	10.913
Kyrgyz Republic	875.114	2219.92	23.867	17.487	60.324
Latvia	10680.53	14406.7	19.933	22.917	39.885
Lebanon	9500.76	15168.57	33.162	23.555	141.692
Lesotho	1130.48	1802.74	28.559	16.453	4.929
Libya	11239.48	14459.56	40.208	60.015	0.0
Lithuania	11116.15	17333.33	16.419	17.88	38.004
Luxembourg	105509.3	78907.22	18.672	26.375	19.054
Madagascar	410.01	931.791	28.625	18.942	64.426
Malawi	343.454	821.345	25.987	24.691	35.055
Malaysia	8737.13	15293.41	23.148	34.227	50.953
Maldives	6484.86	8091.92	15.0	-2.332	61.861
Mali	614.18	1108.75	18.424	5.796	29.458
Malta	19455.83	24751.9	16.118	10.354	69.068
Mauritania	1065.51	1936.97	24.084	15.428	86.141
Mauritius	7575.39	14152.03	23.646	15.48	50.598
Mexico	9219.15	13977.3	24.008	23.59	42.868
Moldova	1634.52	3103.75	23.524	15.615	26.192
Montenegro	6383.27	10601.3	22.793	-2.623	42.393
Morocco	2850.86	4794.02	34.791	30.448	51.28
Mozambique	442.353	1014.19	21.859	10.2	41.116
Myanmar	741.666	1254.53	16.013	16.834	52.988
Namibia	5244.09	7015.65	28.112	28.384	15.669
Nepal	532.578	1198.0	37.068	34.699	35.447
Netherlands	47017.49	40888.01	17.981	25.028	62.863
New Zealand	32061.17	27357.24	19.338	16.336	32.456
Nicaragua	1133.28	3036.93	25.801	11.428	79.892
Niger	370.481	760.951	38.628	17.729	17.588
Nigeria	1465.15	2419.82	23.057	28.927	15.495
Norway	85055.45	52178.61	22.44	34.867	49.608
Oman	19867.41	26474.73	27.495	36.102	5.261
Pakistan	1027.65	2702.39	15.566	13.33	61.607
Panama	7539.17	12706.52	25.976	15.212	39.191
Paraguay	3238.38	5957.25	16.226	13.137	13.731
Peru	5207.3	9358.03	25.266	22.808	24.55
Philippines	2123.08	3920.31	20.541	25.011	43.462
Poland	12307.74	18961.08	21.0	14.397	54.843
Portugal	21537.99	23261.54	19.598	9.947	93.32
Qatar	74901.42	88291.56	30.448	57.1	38.69
Romania	7667.22	11904.14	24.832	20.386	31.197
Russia	10407.93	15657.16	20.695	25.399	11.818
Rwanda	558.669	1228.51	21.737	15.798	23.209
Sﾋo Tomﾎ and Prﾒncipe	1215.49	2140.62	48.443	20.852	78.194
Saudi Arabia	16541.1	22818.04	22.612	37.252	9.768
Senegal	1036.07	1930.09	29.708	25.297	35.695
Serbia	4891.53	10120.05	16.472	9.024	46.488
Seychelles	10727.49	23891.46	36.684	16.604	82.486
Sierra Leone	435.714	1073.2	24.293	5.003	48.935
Singapore	43864.74	56708.69	22.128	46.54	101.232
Slovak Republic	16049.85	22121.86	23.445	19.845	41.066
Slovenia	23407.25	28111.3	21.067	20.48	38.579
Solomon Islands	1266.95	2894.28	36.076	5.262	27.809
South Africa	7270.8	10540.87	19.426	16.61	35.255
Spain	30207.75	29751.38	22.812	18.29	61.316
St. Kitts and Nevis	12216.26	15871.1	48.0	25.887	163.863
St. Lucia	7299.99	12742.39	32.434	17.311	65.214
St. Vincent and the Grenadines	6165.23	11306.17	25.467	-6.104	66.843
Sudan	1615.84	2277.52	20.163	18.03	73.986
Swaziland	3130.65	5156.34	12.232	1.724	15.937
Sweden	49844.85	38474.44	17.946	24.725	38.82
Syria	2802.65	5040.58	24.198	20.89	29.404
Taiwan Province of China	18572.75	35595.46	22.804	32.401	38.137
Tajikistan	740.733	1941.58	16.579	16.324	36.342
Tanzania	553.838	1510.53	32.027	24.146	42.703
Thailand	4992.43	9225.88	25.935	30.067	42.644
Togo	527.069	1000.4	18.863	12.567	48.602
Trinidad and Tobago	15826.6	19980.93	15.255	35.262	35.113
Tunisia	4199.35	9459.9	26.383	21.63	40.454
Turkey	10017.3	13293.92	19.523	13.145	42.396
Uganda	508.026	1331.69	24.29	14.083	27.022
Ukraine	2979.67	6698.04	18.467	16.255	40.505
United Arab Emirates	54411.12	45759.38	21.658	25.028	22.332
United Kingdom	36441.71	35730.86	15.049	12.507	74.976
United States	46811.2	46811.2	15.469	12.212	98.617
Uruguay	11741.7	14049.0	18.558	17.053	57.908
Uzbekistan	1367.13	3021.17	30.667	36.819	9.961
Venezuela	10099.46	12048.42	21.972	26.85	40.202
Vietnam	1173.56	3143.0	39.043	34.904	54.038
Yemen	1272.49	2598.59	11.641	7.192	40.903
Zambia	1221.26	1516.53	22.567	29.635	25.756
Zimbabwe	591.104	460.857	24.33	-4.474	56.57
